Replicate,Heat,Drought,Fert,Alive,Shoot,Leaf_Wet,Leaf_Area
1,0,0,0,1,0.03,0.06,3.143
2,0,0,0,1,0.03,0.05,2.109
3,0,0,0,1,0.06,0.07,4.631
4,0,0,0,1,0.08,0.07,3.119
5,0,0,0,1,0.07,0.11,6.674
6,0,0,0,1,0.04,0.08,3.384
1,0,1,0,0,,,
2,0,1,0,1,0.04,0.01,2.53
3,0,1,0,0,,,
4,0,1,0,0,,,
5,0,1,0,1,0.08,0.05,1.437
6,0,1,0,1,0.04,0.06,2.985
1,0,0,1,1,0.02,0.1,4.815
2,0,0,1,1,0.01,0.02,1.974
3,0,0,1,1,0.04,0.06,4.054
4,0,0,1,1,0.03,0.04,2.024
5,0,0,1,1,0.01,0.03,2.109
6,0,0,1,1,0.02,0.07,4.764
1,0,1,1,0,,,
2,0,1,1,0,,,
3,0,1,1,1,0.02,0.03,1.985
4,0,1,1,1,0.01,0.01,0.65
5,0,1,1,1,0.01,0.01,0.842
6,0,1,1,1,0.01,0.01,0.287
1,1,0,0,0,,,
2,1,0,0,1,0.02,0.03,1.31
3,1,0,0,1,0.01,0.09,2.265
4,1,0,0,0,,,
5,1,0,0,0,,,
6,1,0,0,0,,,
1,1,1,0,0,,,
2,1,1,0,0,,,
3,1,1,0,0,,,
4,1,1,0,0,,,
5,1,1,0,0,,,
6,1,1,0,0,,,
1,1,0,1,0,,,
2,1,0,1,1,0.08,0.02,1.673
3,1,0,1,0,,,
4,1,0,1,0,,,
5,1,0,1,1,0.32,0.12,3.257
6,1,0,1,1,0.19,0.02,2.29
1,1,1,1,0,,,
2,1,1,1,0,,,
3,1,1,1,0,,,
4,1,1,1,0,,,
5,1,1,1,0,,,
6,1,1,1,0,,,